            380         0.001368000   0.000039000   0.006450001
            382         0.001642328   0.000046915   0.007745488
            384         0.001995757   0.000057176   0.009414544
            386         0.002535385   0.000072344   0.011965800
            388         0.003300829   0.000093508   0.015588050
            390         0.004243000   0.000120000   0.020050010
            392         0.005330048   0.000151492   0.025202880
            394         0.006741117   0.000191816   0.031897040
            396         0.008751373   0.000246907   0.041437710
            398         0.011421700   0.000318520   0.054119880
            400         0.014310000   0.000396000   0.067850010
            402         0.017147440   0.000473024   0.081361560
            404         0.020748010   0.000572219   0.098540480
            406         0.026207360   0.000724560   0.124613300
            408         0.033880920   0.000941160   0.161303500
            410         0.043510000   0.001210000   0.207400000
            412         0.055022600   0.001530752   0.262611400
            414         0.069212000   0.001935323   0.330798500
            416         0.086958110   0.002454800   0.416209100
            418         0.108406300   0.003117800   0.519694800
            420         0.134380000   0.004000000   0.645600000
            422         0.165395700   0.005159320   0.796713300
            424         0.198611000   0.006546160   0.959439000
            426         0.230186800   0.008086507   1.115367300
            428         0.258777300   0.009767680   1.258123300
            430         0.283900000   0.011600000   1.385600000
            432         0.304896500   0.013582720   1.494803500
            434         0.321645400   0.015715090   1.584880700
            436         0.334351300   0.018007360   1.656404800
            438         0.343121300   0.020453920   1.709874500
            440         0.348280000   0.023000000   1.747060000
            442         0.350147400   0.025610240   1.769623300
            444         0.349287000   0.028351250   1.780433400
            446         0.346373300   0.031310830   1.782968200
            448         0.341808800   0.034521120   1.779198200
            450         0.336200000   0.038000000   1.772100000
            452         0.330041100   0.041768000   1.764039000
            454         0.322886800   0.045842670   1.752466300
            456         0.314025100   0.050243680   1.733559500
            458         0.303290400   0.054980560   1.705936900
            460         0.290800000   0.060000000   1.669200000
            462         0.276721400   0.065277520   1.623412700
            464         0.260422700   0.070911090   1.564528000
            466         0.240847500   0.077016000   1.486111400
            468         0.218407200   0.083666800   1.389879900
            470         0.195360000   0.090980000   1.287640000
            472         0.173327300   0.099045840   1.187824300
            474         0.152283300   0.107884600   1.090148000
            476         0.132178600   0.117532000   0.994197600
            478         0.113275200   0.127992800   0.901453100
            480         0.095640000   0.139020000   0.812950000
            482         0.079308040   0.150469300   0.729444800
            484         0.064580990   0.162717700   0.652104900
            486         0.051862110   0.176243100   0.582328600
            488         0.041150880   0.191273500   0.520337600
            490         0.032010000   0.208020000   0.465180000
            492         0.024144400   0.226734500   0.416183600
            494         0.017540400   0.247481200   0.372945900
            496         0.012161790   0.270184900   0.334857800
            498         0.007967240   0.295050500   0.301337500
            500         0.004900000   0.323000000   0.272000000
            502         0.002945320   0.354685800   0.246483800
            504         0.002236293   0.389287500   0.223453300
            506         0.002925520   0.425629900   0.201169200
            508         0.005174840   0.463394400   0.179225400
            510         0.009300000   0.503000000   0.158200000
            512         0.015535880   0.544512000   0.138375800
            514         0.023992770   0.586965300   0.120075100
            516         0.034814850   0.629345600   0.103904800
            518         0.047985040   0.670875200   0.089982720
            520         0.063270000   0.710000000   0.078249990
            522         0.080462240   0.745463600   0.068678160
            524         0.099456450   0.777836800   0.060788350
            526         0.120167400   0.808110400   0.053904350
            528         0.142367900   0.836306800   0.047752760
            530         0.165500000   0.862000000   0.042160000
            532         0.189140000   0.884962400   0.036935640
            534         0.213365800   0.905443200   0.032088720
            536         0.238320900   0.923734800   0.027711810
            538         0.263992200   0.939922600   0.023787160
            540         0.290400000   0.954000000   0.020300000
            542         0.317572600   0.966007400   0.017240360
            544         0.345482800   0.976022500   0.014584610
            546         0.374083900   0.984092400   0.012307230
            548         0.403378400   0.990312800   0.010377920
            550         0.433449900   0.994950100   0.008749999
            552         0.464336000   0.998098300   0.007381600
            554         0.495971300   0.999748200   0.006242800
            556         0.528295900   0.999856700   0.005303600
            558         0.561209400   0.998325500   0.004534200
            560         0.594500000   0.995000000   0.003900000
            562         0.627975800   0.989742600   0.003370600
            564         0.661569700   0.982724100   0.002934800
            566         0.695239200   0.974083700   0.002585200
            568         0.728828400   0.963856800   0.002309400
            570         0.762100000   0.952000000   0.002100000
            572         0.794825600   0.938499200   0.001948200
            574         0.826824800   0.923457600   0.001840933
            576         0.857932500   0.907006400   0.001766267
            578         0.887894400   0.889204800   0.001711200
            580         0.916300000   0.870000000   0.001650001
            582         0.942798400   0.849392000   0.001564400
            584         0.967217900   0.827581300   0.001458533
            586         0.989385600   0.804794700   0.001336667
            588         1.009089200   0.781192000   0.001205000
            590         1.026300000   0.757000000   0.001100000
            592         1.040986000   0.732422400   0.001049400
            594         1.052466700   0.707496500   0.001021200
            596         1.059794400   0.682219200   0.000968640
            598         1.062806800   0.656674400   0.000886880
            600         1.062200000   0.631000000   0.000800000
            602         1.058443600   0.605314400   0.000723680
            604         1.050976800   0.579637900   0.000645440
            606         1.039036900   0.553961100   0.000547867
            608         1.022666200   0.528352800   0.000435400
            610         1.002600000   0.503000000   0.000340000
            612         0.979331400   0.478030400   0.000283160
            614         0.952847900   0.453403200   0.000251813
            616         0.923194000   0.429080000   0.000229547
            618         0.890502000   0.405032000   0.000211960
            620         0.854449900   0.381000000   0.000190000
            622         0.814946000   0.356827200   0.000155640
            624         0.772954000   0.332817600   0.000116853
            626         0.729583600   0.309338100   0.000086133
            628         0.685602200   0.286593600   0.000065000
            630         0.642400000   0.265000000   0.000050000
            632         0.601113800   0.244889600   0.000039480
            634         0.561397700   0.226052800   0.000032640
            636         0.522599500   0.208161600   0.000027653
            638         0.484743600   0.191155200   0.000023640
            640         0.447900000   0.175000000   0.000020000
            642         0.412098000   0.159646400   0.000016200
            644         0.377533300   0.145125900   0.000012133
            646         0.344456300   0.131500300   0.000007733
            648         0.313019200   0.118779200   0.000003200
            650         0.283500000   0.107000000   0.000000000
            652         0.256118400   0.096188640   0.000000000
            654         0.230727200   0.086264850   0.000000000
            656         0.207097100   0.077120640   0.000000000
            658         0.185170800   0.068710080   0.000000000
            660         0.164900000   0.061000000   0.000000000
            662         0.146230000   0.053955040   0.000000000
            664         0.129146700   0.047549650   0.000000000
            666         0.113639700   0.041758720   0.000000000
            668         0.099690440   0.036563840   0.000000000
            670         0.087400000   0.032000000   0.000000000
            672         0.076804280   0.028076640   0.000000000
            674         0.067686640   0.024708050   0.000000000
            676         0.059806850   0.021800770   0.000000000
            678         0.052971040   0.019281080   0.000000000
            680         0.046770000   0.017000000   0.000000000
            682         0.040875360   0.014837180   0.000000000
            684         0.035404610   0.012834780   0.000000000
            686         0.030564190   0.011068310   0.000000000
            688         0.026344840   0.009533311   0.000000000
            690         0.022700000   0.008210000   0.000000000
            692         0.019599880   0.007085424   0.000000000
            694         0.016987170   0.006138485   0.000000000
            696         0.014790640   0.005343059   0.000000000
            698         0.012948680   0.004676404   0.000000000
            700         0.011359160   0.004102000   0.000000000
            702         0.009938846   0.003589099   0.000000000
            704         0.008678854   0.003134093   0.000000000
            706         0.007582388   0.002738139   0.000000000
            708         0.006627313   0.002393244   0.000000000
            710         0.005790346   0.002091000   0.000000000
            712         0.005052583   0.001824580   0.000000000
            714         0.004403507   0.001590187   0.000000000
            716         0.003833913   0.001384496   0.000000000
            718         0.003334342   0.001204092   0.000000000
            720         0.002899327   0.001047000   0.000000000
            722         0.002523020   0.000911109   0.000000000
            724         0.002196616   0.000793238   0.000000000
            726         0.001910960   0.000690083   0.000000000
            728         0.001660110   0.000599496   0.000000000
            730         0.001439971   0.000520000   0.000000000
            732         0.001246275   0.000450053   0.000000000
            734         0.001076430   0.000388718   0.000000000
            736         0.000928736   0.000335384   0.000000000
            738         0.000800750   0.000289166   0.000000000
            740         0.000690079   0.000249200   0.000000000
            742         0.000594502   0.000214686   0.000000000
            744         0.000512429   0.000185048   0.000000000
            746         0.000442454   0.000159778   0.000000000
            748         0.000382981   0.000138302   0.000000000
            750         0.000332301   0.000120000   0.000000000
            752         0.000288887   0.000104322   0.000000000
            754         0.000251568   0.000090846   0.000000000
            756         0.000219171   0.000079147   0.000000000
            758         0.000190841   0.000068916   0.000000000
            760         0.000166151   0.000060000   0.000000000
            762         0.000144622   0.000052226   0.000000000
            764         0.000125852   0.000045447   0.000000000
            766         0.000109552   0.000039561   0.000000000
            768         0.000095394   0.000034449   0.000000000
            770         0.000083075   0.000030000   0.000000000
            772         0.000072313   0.000026114   0.000000000
            774         0.000062928   0.000022725   0.000000000
            776         0.000054770   0.000019779   0.000000000
            778         0.000047677   0.000017217   0.000000000
            780         0.000044486   0.000016065   0.000000000
